Results for Whale Optimization Algorithm:
==================================================

F12022:
  Best Fitness: 36466.684123
  Best Solution: [-8.8426244e+01 -3.0574082e+01  2.3707750e+00  4.7220200e+00
  5.1384090e+00  5.0742420e+00 -2.8784717e+01 -2.5155574e+01
  4.9216470e+00  5.1925090e+00 -4.1601000e-02 -2.7530610e+01
  4.5401780e+00 -1.8362400e-01  5.5928220e+00  5.2483620e+00
  5.1317530e+00  4.7345590e+00  5.2500440e+00  4.8753840e+00]

F22022:
  Best Fitness: 1355.811864
  Best Solution: [ 40.366181  -9.029205  -7.353244  18.86347   -8.307957 -56.901581
  21.326218  -2.560666 -59.833281 100.        13.726065  -0.484469
  23.39944   37.314874  21.258994  -9.191041  17.223993 -58.923126
  -0.6099   -59.400439]

F32022:
  Best Fitness: 600.551396
  Best Solution: [ 4.4330924e+01 -3.1423523e+01  1.8530161e+01  8.4195000e-02
  1.7763941e+01 -1.4681000e-02 -1.7546550e+01  6.6504000e-02
  6.5518427e+01  5.1936576e+01  6.2548281e+01  4.5299086e+01
 -2.2415868e+01  6.2320642e+01 -7.7686509e+01  7.4526916e+01
  6.5156108e+01 -1.1506496e+01 -6.8245279e+01  6.5399035e+01]

F42022:
  Best Fitness: 1127.823340
  Best Solution: [ 48.001787 -31.6399    -5.305619 -35.625041  20.926651  49.310831
  30.737368  31.125162  30.881579  -8.269993 -31.6399   -31.6399
  16.752441 -31.6399    14.178817  58.50976    6.223866 -32.84584
 100.        -5.889106]

F52022:
  Best Fitness: 903.160395
  Best Solution: [-18.167318 -19.769933   1.652571  45.871595  -1.629769 -23.066475
  -1.029618  -0.697728 -18.951347  67.134882   3.626903 -17.433492
  -0.226867 -45.199318 -19.82055  -22.344539   1.019801 -20.059742
 -20.924281  -0.690479]

F62022:
  Best Fitness: 63573670.916837
  Best Solution: [  6.798554  91.490581 -64.392958  73.57216  -25.12124    4.104868
 -28.982835  78.886043 -14.513927  20.711649  77.030585 -31.415965
 -18.625016 -43.44193  -18.199976  80.839521  91.490581  77.033428
 -13.543195 -43.819801]

F72022:
  Best Fitness: 3055.529134
  Best Solution: [-24.314461  51.206466 -92.915941  81.205394  67.476179  78.277833
  49.155383  31.530121 -81.207893  73.351488  57.820178 -78.822838
  -5.675909  51.745071  63.603759  51.205985  52.427522  52.944072
  66.334004   9.252066]

F82022:
  Best Fitness: 4594.559517
  Best Solution: [ 86.441627  -1.98819  -32.107058 -90.248543  -1.83623   17.679218
  74.964833  -9.290463  -6.277862  54.208959 -89.974179  47.259106
  86.457191  -2.769079  -1.196897 -89.974179  64.410403  46.630714
  14.392311 -48.177805]

F92022:
  Best Fitness: 3910.693924
  Best Solution: [  67.958223   67.958223   67.681609   68.226455   67.958223   66.533246
   67.68172  -100.       -100.         67.958223 -100.       -100.
   67.958223  -40.06729    91.608836   91.552478   67.847112   67.958223
   67.958223 -100.      ]

F102022:
  Best Fitness: 6404.802813
  Best Solution: [-21.621087 -99.413751 -99.413751 -99.413751 -99.413751 -99.413751
 -99.413751 -99.413751 -99.413751  40.30554   32.318659  26.193739
  64.766637 -99.413751  30.604212 -99.413751 -99.413751 -99.413751
 -99.413751 -99.413751]

F112022:
  Best Fitness: 3927.355257
  Best Solution: [ 63.395129 -11.54296  -55.411467  56.254886  55.833272  64.477624
  35.754851   2.599159  63.189274 -11.209869 -15.00382  -15.158494
  57.077313  53.111709 -69.216358 -12.386082 -57.468718 -53.262032
  62.795638 -57.004323]

F122022:
  Best Fitness: 3314.950108
  Best Solution: [-74.811465 100.       100.       -56.86216  -99.512283  73.145055
  -5.169557 100.       -99.512283 -99.512283 100.       -20.431775
 -99.512283 -99.512283 100.        13.624132 -38.882662 100.
  31.18523   83.442591]
