Results for Grey Wolf Optimizer:
==================================================

F12022:
  Best Fitness: 27555.666721
  Best Solution: [-10.957174  -3.445018  13.051916  -1.957615  -2.414252 -16.09629
 -37.148884 -30.467025 -69.634697  10.517525 -23.78953  -37.458459
  -6.353743  43.088667  -7.28184   35.753915  19.710168   4.287258
 -27.269988 -49.451423]

F22022:
  Best Fitness: 1469.030276
  Best Solution: [  52.942024 -100.          1.913145   87.132651    9.955017   12.656925
  -14.730856  -23.085518  -24.377501   88.067025  -18.953798  -12.172792
 -100.         23.444091  -16.375062   33.526215  -12.033055  -55.204619
    6.303921   -8.079735]

F32022:
  Best Fitness: 601.265319
  Best Solution: [ 46.798897  10.682582 -52.124912   7.566601  71.608112  11.84401
  11.647226 -33.606807  47.292384   7.239284  17.167488  54.498329
  23.563562  75.329069 -33.605249  54.927712  14.964966  27.367417
 -56.260862   4.898269]

F42022:
  Best Fitness: 973.797331
  Best Solution: [ 25.514804 -32.641352  30.388161 -33.545016  -0.143442  -2.299208
   0.312447  18.293095   3.099979   5.723539 -55.545688   8.659393
 -44.25111   55.966428 -27.146201   0.13446   -3.858016  36.634085
  71.841231  -3.496175]

F52022:
  Best Fitness: 912.086783
  Best Solution: [-21.071944 -17.761834  -3.180684  -1.339975  -0.868244   4.301787
  51.569161  -1.809736  -4.218004  -9.440451   0.130544 -32.355037
  -1.158835 -14.856096  -4.621344 -24.931379   1.449326  -2.557574
  -2.286554 -11.047209]

F62022:
  Best Fitness: 95809981.638114
  Best Solution: [ -1.601171  27.938044  97.179914 -21.16483   -0.247822 -97.235802
   2.843842  -2.481525 -33.343595 -97.235802 -97.235802  97.179914
 -97.235802 -91.604055  97.179914  -3.707314  97.179914   0.173044
  -6.70951   28.628848]

F72022:
  Best Fitness: 5931.658874
  Best Solution: [ 64.566235  37.776766  31.869278  62.37831   34.00281    9.961674
 -37.748832  64.523246  -7.101723  57.248965  52.087158  35.89978
  61.306923  55.601603  67.71342   65.893557  43.040321  64.778171
 -28.861949  54.618464]
