Results for Tabu Search:
==================================================

F12022:
  Best Fitness: 13511.411555
  Best Solution: [ -80.723561   70.855794   32.014353   24.51087   -69.439341  -26.056639
  -18.73425   -21.859339 -100.        -62.654729  -34.19669    33.561678
  -40.009417   59.806      67.104081   66.580914   32.460484  100.
   37.3371    -57.463774]

F22022:
  Best Fitness: 728.719737
  Best Solution: [   4.651737  -61.441534  -43.644879   39.0193     26.068441   -1.87677
   69.057138  -15.432156  -33.907306  100.         -1.199232   30.179205
 -100.         40.948913  -69.817983   79.477077   16.753269   -0.224015
  -54.834023  -58.895634]

F32022:
  Best Fitness: 600.193505
  Best Solution: [100.       -18.090258 -49.727523 -45.031816  80.269415 -12.937358
 -20.80915    7.481406  54.357308  38.68147   77.280305  -1.395702
 -41.196502  97.388515 -66.065804  69.703983  47.315155 -25.36804
 -63.204534  64.437002]

F42022:
  Best Fitness: 1091.341288
  Best Solution: [ 15.275654 -58.29316   91.759675   4.547248 -70.4903   -41.823491
  51.101997  46.408235 -39.128467   5.205174 -26.855135  26.740819
  -1.164537  61.08662   -2.221256  15.268041   1.563701 -16.217414
  55.647003 -82.782426]

F52022:
  Best Fitness: 904.056705
  Best Solution: [-17.666442   7.30181    7.845376  13.604869 -22.792407  13.457414
  44.752331  14.000823 -10.172336   8.395195 -31.564239 -28.387856
  47.530486 -60.191452 -26.61793    0.329327  69.681269 -19.42061
 -62.774807  50.00867 ]

F62022:
  Best Fitness: 174698019.602366
  Best Solution: [-100.        -84.743226   89.41914   -62.516794  -26.156036  -22.735736
   18.360917  100.         59.54444    -2.469229  100.        -48.366733
 -100.        -11.589787  -69.621142  100.         67.318181  -92.006363
  -28.283802  -27.885096]
