Results for Guided Local Search:
==================================================

F12022:
  Best Fitness: 17265.201603
  Best Solution: [-38.982947 -36.219926  36.157212 -21.465785 -15.583577   4.911245
 -33.152922  -1.658924 -22.354883 -49.189744 -35.03328   53.810545
 -47.3589    89.454469  33.881404  47.083839  50.841861  83.008437
 -37.406721 -59.815677]

F22022:
  Best Fitness: 707.519945
  Best Solution: [ 13.207503 -78.534999 -53.541469  58.465262   7.511338   1.840318
  35.85456  -37.172517 -39.620202  99.443802   0.996644  54.80212
 -78.470876  30.22075    0.45641   43.884485  -7.151151 -33.511623
 -51.110789 -54.55157 ]

F32022:
  Best Fitness: 600.335636
  Best Solution: [ 78.582499 -28.905499 -57.773604 -25.839072  51.334926  -2.143376
  11.958389  10.674977  86.068264  40.442533  65.532444  11.977225
 -18.233964  45.484779 -82.372139  66.812324  56.899333  17.46184
 -49.344098  87.699692]

F42022:
  Best Fitness: 1102.762698
  Best Solution: [-62.105818 -96.120371  18.578207 -93.788944   6.768315 -60.893548
 -13.218869  40.372764 -49.130547  74.033857 -26.052532  55.734471
  92.37443   15.549054 -58.253743   0.426449 -37.085883  24.251131
  73.835551 -50.859413]

F52022:
  Best Fitness: 905.128590
  Best Solution: [-25.030809 -28.803875  51.566716  18.091032  -4.936647 -51.98529
 -18.286753  30.9757   -38.862834  38.535559 -44.229075 -15.173825
  44.725266 -64.629759 -30.938952 -83.640741  85.047452  -1.368695
 -83.452612  18.046209]

F62022:
  Best Fitness: 132810190.296959
  Best Solution: [  -7.809569   -2.951619   50.534378  100.          3.136859  -58.680674
   85.666732   -9.578434  -99.045164 -100.         77.467832  -39.127458
   -7.134946   41.908009 -100.         16.80905    97.433715   -9.314117
   54.003921  -20.798722]

F72022:
  Best Fitness: 2601.605033
  Best Solution: [ 96.435414 -90.266026  76.083316  69.750396  56.650706 -84.348401
 -53.513329  41.548085  23.330268 -14.737565 -30.150723 -37.07729
 -16.678754 -93.573329  -7.923766  80.889791   8.857787 -52.913686
 -31.915161  -3.699761]

F82022:
  Best Fitness: 52805.772042
  Best Solution: [ -37.09968   -61.96333    -2.29617   -47.173269   37.533122   27.255096
  100.        -15.969327  -34.494761 -100.        -26.942124   63.970237
  -91.699204  100.        -22.000222    5.318469  -49.625355   -4.760602
   46.49018    -9.422659]

F92022:
  Best Fitness: 2773.978915
  Best Solution: [ -31.405779  -49.609458  -62.489054 -100.        -41.523495    7.409442
   72.506561 -100.        -74.155723   78.923088   52.707782   58.890875
   90.357573  -41.431128  100.         19.409846   98.676616  -38.78662
   13.676747  -89.856809]

F102022:
  Best Fitness: 2879.551476
  Best Solution: [-68.195725 -45.022645 -37.253548 -55.401479 -33.923942  -0.484182
  31.727519 -21.434324  34.886443  17.823872  39.875295  20.317547
   4.18661   53.035954  61.607941  39.560154  15.507236  34.746909
  20.282452  43.64482 ]

F112022:
  Best Fitness: 2693.833322
  Best Solution: [ 33.649123  -3.555771 -68.912501  39.775199  78.812342  53.508949
  37.924273   4.705749  50.921104 -61.321302  40.281737 -66.759194
 100.         7.080575 -62.601203  25.930852 -22.013854 -50.488945
  76.370802 -50.939243]

F122022:
  Best Fitness: 2977.577887
  Best Solution: [-100.         92.754314  -84.772705  -84.304883  100.         13.160601
   97.898251  100.         68.956419  100.       -100.        100.
  100.        -74.16693    77.522113   37.903537  100.       -100.
  100.        -72.570959]
