Results for Differential Evolution:
==================================================

F12022:
  Best Fitness: 300.000000
  Best Solution: [-55.938327   4.543065  35.30007    8.279441 -47.436943   7.3021
   6.387666  -2.497831 -61.053557 -47.133996 -21.07619   12.479726
 -13.239358  46.10823   61.014745  34.825528  32.648171  77.816517
  22.195866 -74.083785]

F22022:
  Best Fitness: 449.084479
  Best Solution: [ -21.550217  -83.846058  -49.253636   73.358317   56.39123    28.579731
   57.196237  -50.0242    -71.431316  100.         -1.149018   20.163938
 -100.         63.320162  -22.847558   55.809844   -8.691661  -18.678947
  -14.261984  -44.521895]

F32022:
  Best Fitness: 600.000000
  Best Solution: [ 79.089395 -24.572782 -34.673919 -44.681624  75.997881  16.363316
 -21.742997   5.658656  64.985499  51.267974  60.613478  10.480001
 -22.748165  71.594105 -77.848695  77.038333  63.258429 -15.578575
 -69.062939  59.149455]

F42022:
  Best Fitness: 945.457968
  Best Solution: [  36.177085  -37.848538   14.723771  -79.38943   -69.011944   14.426496
   52.193409   55.301672  -18.126555   74.038845  -41.839284   52.498984
   84.534986   34.148356  -29.354273  -30.511639 -100.         13.455378
   79.053041  -11.751926]

F52022:
  Best Fitness: 900.000000
  Best Solution: [-24.856254   0.934255  21.993932  51.986767 -18.40259  -12.374836
  16.088332  -3.325481 -51.337991  42.409543 -22.810718 -19.683883
  52.974441 -58.53815  -10.750207 -38.676031  51.958437 -14.568915
 -59.773837  21.111179]

F62022:
  Best Fitness: 81049.728372
  Best Solution: [ 53.369984  91.627127  23.399185 -32.134352  80.938122 -89.306582
 -42.174466 -10.132437 -65.258527 -73.189185  51.830663 -53.098976
  67.827085 -12.733356  80.422584  69.480915  66.772733  47.353777
  68.544015 -15.974208]

F72022:
  Best Fitness: 2044.027378
  Best Solution: [ 73.182892 -17.351619 -55.0412    65.162165  71.656988 -62.573649
   8.161073  58.854998 -23.793366  17.214598 -55.863435 -66.224374
  63.905526 -60.406008  26.21503  -13.350442  48.070292 -23.928333
  47.886919  33.074449]

F82022:
  Best Fitness: 2226.592007
  Best Solution: [ -8.759161  60.530871  43.004811 -46.693872  38.993195   2.8588
  67.135789 -92.886186   5.348837  37.290006 -37.408562  86.308903
 -77.205377   1.222701  -3.14182  -58.587666 -50.55506   -6.231189
  15.523152 -19.345725]

F92022:
  Best Fitness: 2635.638770
  Best Solution: [ -30.495625 -100.       -100.        -93.716026 -100.         24.593897
  100.       -100.       -100.         63.67583    85.886278  100.
   77.72152  -100.        100.        -34.883941   68.709682  -25.51586
   -1.114839 -100.      ]

F102022:
  Best Fitness: 2798.711189
  Best Solution: [-39.399288 -34.851879 -56.463952 -46.520424 -34.230393 -13.128275
  43.406003 -10.605667  47.076296  -7.516644  33.765764  19.560737
  36.96674   37.198203  39.605203  38.690973  -7.135312   9.972726
  13.672786  27.00953 ]

F112022:
  Best Fitness: 2600.000000
  Best Solution: [ 49.179      7.438302 -32.765271   4.969784  70.62546   45.012039
  29.448809  12.665227  16.754375 -56.365581  47.694428 -65.431405
  71.196189 -17.961681 -45.499951  25.998661   9.808602 -57.046843
  60.094598 -40.302773]

F122022:
  Best Fitness: 2957.662310
  Best Solution: [ -46.854686   28.331899  -96.882118  -75.883936   99.329868    7.758934
   97.662779   78.914268 -100.         99.999994   85.984016   99.999992
   99.999997  -99.999987   68.442403   46.016335  -89.354701  -99.999757
   97.197851  -95.342511]
