Results for Ant Colony Optimization:
==================================================

F12022:
  Best Fitness: 25745.780213
  Best Solution: [-15.151515 -37.373737  67.676768 -61.616162 -33.333333  43.434343
 -13.131313  75.757576 -65.656566 -29.292929  17.171717 -29.292929
 -35.353535  19.191919  39.393939  23.232323  31.313131  57.575758
  29.292929 -95.959596]

F22022:
  Best Fitness: 1694.441907
  Best Solution: [ 11.111111 -43.434343 -29.292929  97.979798  93.939394   9.090909
  97.979798 -37.373737  15.151515  89.89899  -41.414141  13.131313
 -85.858586  87.878788  59.59596   67.676768  17.171717  -5.050505
  -9.090909 -57.575758]
